49
174
413
311
414
441
310
314
175
176
177
321
418
416
312
415
318
316
317
417
320
442
426
429
437
440
425
436
454
510
145
146
142
143
144
147
181
469
270
471
271
287
468
452
308
309
274
289
290
492
500
431
319
438
427
430
439
443
159
428
396
407
455
456
474
136
377
139
140
380
382
376
381
379
135
378
44
358
394
395
194
269
450
451
449
60
277
284
448
499
226
224
408
485
522
220
221
40
424
552
391
149
393
397
163
398
400
204
392
253
390
205
215
302
201
202
203
227
217
422
298
423
300
297
299
214
218
399
167
165
169
170
137
192
350
267
406
193
286
59
491
152
191
5
523
293
421
525
65
257
341
281
282
453
39
385
386
222
239
470
272
275
207
288
420
58
268
273
195
196
283
508
362
521
280
487
496
497
354
355
1
4
3
48
498
6
2
505
216
351
172
553
520
97
357
210
241
303
529
291
295
509
472
153
182
185
21
327
184
331
332
475
186
243
388
515
178
304
514
457
387
466
360
244
352
433
180
432
29
26
27
37
467
30
42
464
35
18
325
459
465
23
33
519
356
197
198
548
179
15
134
547
246
47
252
199
240
122
150
109
434
248
306
307
305
151
105
162
156
368
373
365
366
473
507
367
389
369
402
517
261
478
435
171
370
404
324
482
19
45
28
114
462
138
187
371
511
518
549
315
219
164
265
546
229
155
157
490
41
206
209
228
211
212
213
353
56
551
411
539
125
486
480
46
190
262
266
512
247
292
336
323
461
346
24
57
22
232
256
294
550
347
348
516
338
494
502
25
349
254
322
38
31
43
285
476
524
189
503
11
32
540
13
477
69
14
535
132
133
121
12
68
124
131
460
36
481
328
329
20
119
128
34
126
127
129
120
130
401
173
141
166
225
528
117
83
84
90
479
483
7
100
260
95
70
71
81
80
82
92
116
110
111
54
55
94
526
527
8
98
96
107
72
86
89
93
545
73
112
16
64
74
484
113
10
99
75
91
242
77
104
102
531
106
78
530
79
101
88
108
259
118
9
532
115
534
76
103
87
85
533
463
245
554
359
543
200
301
154
168
234
235
223
66
444
263
208
264
495
538
230
238
493
412
123
148
160
158
542
537
447
61
258
17
446
445
62
63
313
405
51
233
250
326
335
279
52
337
342
344
334
330
236
53
343
237
384
50
544
67
458
489
188
501
488
296
419
536
541
383
403
506
231
339
340
251
276
278
345
333
249
513
410
255
363
161
375
183
504
372
374
364
361
409
